2868840
3065800
3764200
730
3897800
1973530
3321460
359550
1808500
2057760
3717070
2221490
1617400
2767030
1172470
4418930
686060
1151340
553850
230410
2183900
252490
4069520
2357570
236390
1449850
582660
3240220
3472040
3564740
381210
2141910
438100
2050650
1222670
2852190
1086940
306130
976730
2640950
2697000
646570
1820000
1245620
1721470
1250410
2807960
216150
4025700
3164500
2487300
3241660
39210
3280350
2627260
1401590
2129530
2483190
266410
3398110
2430390
3513350
2840770
883710
3419520
3643170
1659040
3159330
2399830
2698940
413150
570
3405340
270880
3028330
2246340
2073850
2070270
3606480
4351500
2344520
2406770
526870
1599340
1286830
739630
2300320
1158310
1289670
2536520
1085660
3990820
3949040
281990
578080
1450900
1091500
440
2479810
1874880
2157830
1631270
1569580
284160
2537590
304390
394360
3920610
2139460
261550
311210
668580
3405690
377160
2997230
1174180
294100
4100940
238960
2842040
1172710
2963800
2397300
2592160
1466060
2073620
552520
1903340
1623730
1144200
3834090
1621690
489830
2694490
431960
2231380
3747730
255710
3527290
460930
1149460
3061570
3681010
3224770
250900
3226450
2948190
1313140
1284210
2069250
632360
753640
1229490
322170
1285190
2622380
1620730
1476970
427520
2395770
552990
1203620
1363080
2879840
2385530
1407200
3230400
1361210
1326470
418370
105600
1367080
1771300
1304930
3932890
1371980
2651280
2333480
4210150
949230
1172620
2507950
2643390
518790
3092660
2124120
1295660
892970
1796470
2071280
108600
3602570
3164330
2074920
1962663
9900
686810
1607250
21690
1240440
812140
960090
2456740
508440
2958130
2369390
2966320
1159690
3274580
2294660
2322010
4082620
312520
1059550
1696780
286160
493520
1190000
1142710
2379740
1657630
2437170
2138330
714010
3172700
2661300
2001120
1056640
1364780
588430
780310
291550
2918150
365590
2778580
1332010
2379780
3430340
22380
2707930
589290
1435790
3501070
1145350
2555190
648800
2933130
1818450
1551360
1857950
4149410
970830
3720100
275850
504230
1984270
264710
218620
221100
2432860
3873970
244210
3070070
1588550
3258290
4195470
4158870
2373990
2927200
3840050
1210320
1196590
548430
1812450
2429640
371970
588650
1601580
251570
1938090
1778820
1974050
632470
952060
1611600
342940
916440
2404880
799960
2208920
813780
2968420
1343400
2358720
3052730
285900
3008670
1716740
1190970
2861590
2248760
2215430
3994610
1966720
2142790
627690
2072560
2849080
599140
2781620
427410
3489700
1817490
221040
3228590
371660
594650
400750
1669000
767560
1601570
1374490
1671210
2116120
3948510
1677110
2623190
2943650
867210
1943950
3008130
945360
339340
2499860
304240
645390
4000
236850
1819460
3556750
1030300
393380
2362060
3450310
3347400
1336490
2215200
3500390
289070
2670630
1593500
2104890
2489330
24200
582160
1049590
3357650
2168680
550
2624870
1645820
1888930
1817070
2186680
2585890
223750
606160
346110
3572160
2531310
2885870
1284190
3454650
298110
374320
206480
3314790
4289020
784080
1158160
1984020
1121640
1206560
585420
3097300
1721110
1732430
233860
4130120
3527760
380600
3846120
440900
3022790
1912750
202970
1167630
728880
454650
1671200
1608230
3059520
3483740
558990
1702390
2967670
1426300
835570
3720460
2747330
2406680
530611
488790
3035570
1665460
1898300
2464530
431240
1465360
4260510
814380
3156770
367520
3645890
447040
2977430
289650
4200740
1466860
2956680
365360
1913370
3681810
268910
2552430
1203220
489630
1426210
244850
4019090
3483400
3361510
1217060
212500
4132150
2109300
2426960
655500
703080
1641960
505460
435150
1176470
470220
376210
1934680
594570
581320
1783560
242050
611790
1462040
1675830
1062090
1863430
600480
427290
861650
1129580
42700
391540
962130
1335200
3557620
1139980
107410
219990
1384160
1458140
1260320
784150
1604030
3657800
1824220
529340
3180070
2062430
2827200
2881650
1272080
1823950
2201320
552500
200210
756800
1286220
2016590
1766060
3407390
227300
2853730
2784470
1149620
359320
2399420
1794680
1106840
3657810
822240
3525970
2569510
3370870
1533390
1229380
1757300
1580790
3186540
1681430
492720
401920
3768760
1562430
459820
3669570
1419170
2881150
4164290
2909580
2947440
2005010
1096530
1395520
3050900
2352620
3531720
1476200
1746860
1634050
463530
3115220
1606340
2138720
911400
939960
1059530
1645630
433340
3293260
2634950
292030
1532200
590830
1627720
221680
49520
1343370
570660
444200
1887840
2141730
2909400
2201940
2668510
2737070
2444750
235600
2217000
1282100
824270
3859630
1643320
570940
1290000
220240
1574580
1826140
1684350
341800
2015270
2073250
1527950
386180
1997040
3012580
2124490
815370
2420110
220200
1548850
573090
990080
2306620
1004640
961200
213670
1790600
694280
633230
1904480
4338380
1622100
2671070
3315530
3199780
2215260
1282270
1674920
1787960
1040200
1868140
681730
2893820
2239550
204360
3375780
993090
12210
3787240
2384580
242760
368500
364360
986130
2584990
2815310
2289750
3917380
1205970
1222140
4015530
1997660
620
2933620
620980
881020
692890
4318580
4104440
3618390
1113120
47890
431730
2419800
392160
2457220
602960
4172910
293760
2131680
323190
821250
516750
22370
1010822
1888160
322330
667970
2739990
2963600
2495100
2751000
361420
243470
2772990
1169040
210970
3891560
2169200
1699480
2688950
2051620
1114150
2054970
2683150
2486820
2625420
457140
1281040
4191490
109600
3809410
3017860
2780980
1258080
4172870
3819640
3825780
521890
2996040
10090
2742830
3215050
805550
1874170
3548850
4129110
1648532
534380
1592190
629730
2669320
3097560
1850570
2380740
3290690
3572140
2567870
886250
282140
214950
1385380
546560
613100
460920
3871370
513710
3268800
3489420
1388880
1145360
2132850
268500
42680
1924360
1582650
2717880
287700
1651560
2680010
850190
3802420
1996840
3551340
3364070
2191500
314650
1557740
2951690
10180
379430
288470
453090
1084600
3191030
3166810
2290180
837470
3687050
2368930
617870
240
1415692
260210
4207910
2889700
13540
244450
259680
32440
3366300
3411970
32370
3871340
2328760
2085540
3127280
921570
1509960
1612420
1367550
4037180
2099110
1424330
1240060
339610
3063250
2816950
2734270
1520370
3809940
962730
3606890
4158140
2513280
3315570
808290
2371630
2008610
2348780
1778840
3734290
2878980
979640
1192900
1422440
4012030
507490
1621460
3110070
2097570
629820
2692990
1321440
247000
2288630
1747760
3731020
2864560
2799860
3562890
307690
3247750
34030
1755580
3051490
3081320
591960
2757330
2291060
1649950
2384550
593380
2679810
1583520
774461
1333350
214490
2394650
4094670
3010610
1227700
1440440
2487150
3986850
2102450
3767740
337320
225540
680420
1556790
1898830
1227890
4700
3696610
1372110
1128920
666140
584400
1442530
1458151
527430
481510
234330
1025960
1948280
2601200
2091330
1088790
1235761
469610
1238000
3474740
1622350
1619310
24780
2564960
4273120
3920280
3543350
3288270
1180380
3153370
2632050
3311670
2436840
3341650
1682970
750920
3074850
4062430
1546080
629520
354140
2331540
675260
3107230
1552350
290470
1568590
3837380
3743240
2081400
1066780
978300
3815280
1850960
3008740
4145040
1010821
3045200
3796620
2756920
3868310
2015880
1201540
518060
1957780
1598230
2102730
2287520
1911610
2863640
2626940
2259310
2679990
2525310
960170
1127500
594330
3030720
1689620
835670
2756770
1348140
1971650
3823520
1244040
2451100
2689120
3897660
373930
1602000
2100431
3278310
2601070
2441700
613830
250320
4063520
6860
627270
2274200
4030870
2282030
3238470
476600
3558400
1519090
3274440
2792190
595520
1140001
373420
1213210
2773280
3300800
2974330
3539440
6060
1347780
2218750
2131640
4026970
532210
1462810
2050070
2843190
2486150
1371580
1315300
1088090
1683150
1804470
1235742
1959430
362490
435881
1108270
230190
1777440
1824060
231430
2689210
1054510
1999360
882140
1202130
2436841
3152790
285330
2591280
1775550
312660
1497440
2750000
4116960
632300
3732970
420530
531510
1577120
1532690
1712100
1466390
605740
38400
1574820
4208730
528230
1331550
375910
2138710
1914122
2059530
2582140
4081840
1147010
1097840
1299510
292120
1222690
1723950
567990
1138850
2867650
619820
920210
1128810
443110
2436570
1295510
4249130
2922530
1861610
3855540
2418000
2356560
2719750
2420660
3914600
1033060
265930
1771110
2668430
2820700
645402
3533100
587430
611660
3714400
2383430
3274400
3481460
3400430
250260
1267540
2790990
230330
669330
1368572
1266030
3430450
2711030
2017080
2816870
1254120
3644600
2525510
3992110
1255560
1207650
1894430
830451
1931010
2197328
1277130
965220
460790
3976890
4269090
3755860
944290
962750
598980
2753900
3543750
868360
2949320
2918300
908060
1433140
1958220
3588490
3164960
414700
2695490
1492070
3933120
368340
3035500
3028020
2250600
3218530
3480
4241680
4095900
604540
973230
2698780
2472770
3524750
394510
2712950
3116890
3180240
2716400
347990
1129190
2607060
3260810
528740
1444650
1003590
3711140
3594760
2179800
2561450
3872930
3672720
2183930
728850
2920570
909660
4038320
2155180
2634890
1817230
3167550
1173810
2686540
996580
564230
3080080
3132930
1235744
506610
22330
1656370
2671060
2197890
1763250
4035270
3706400
770810
3604340
3902620
2430400
1880650
2305840
3453600
2407270
622650
4077560
3511790
1455840
555160
2833600
326460
110800
1969380
2382520
1578650
2896260
2106840
3739670
2963880
1674010
1990110
3562730
2111850
1315750
2078450
2302660
3641780
3062150
4464580
2447000
228280
1336350
349040
4039080
2086430
404012
1307890
2208350
1876930
423630
1762930
4349060
2982320
2809180
1348661
537800
2939600
782250
4020490
1074320
834910
1272320
4057370
2436842
2695940
715194
3972570
1408610
3524380
201810
1235740
719040
357500
3987600
228380
1173800
2448020
33320
2411231
2375780
2743460
2064650
3106720
219150
2574900
674140
7670
1670690
4218160
3005010
404430
1017100
3813350
1885110
774171
2545710
2701860
1353230
493190
3496000
251470
307110
2212670
2782050
1072420
268650
3255980
3170540
3660210
1784570
2821610
3537070
418530
1206200
1179680
2739630
702670
2506160
3014080
2141580
4570
48700
4230170
3108510
1690710
3213850
1499120
245170
4377370
247430
42719
1113000
544810
1896700
1901370
211500
3339880
3884020
3282470
1456361
1451460
1911520
2296990
1580050
1386630
953490
2854740
3899740
626690
377840
3195280
801800
397460
4082750
3528590
4231280
1097430
2408820
3959050
1660080
1712350
1718460
4158170
2880730
2566340
3391970
2701660
2961530
3673150
3130740
2489020
3124230
3017330
985890
2720920
2131650
3372710
3548520
658620
389430
1204130
1812860
3338950
917950
2967320
2349820
4003930
274190
1942110
3469800
1002260
1158890
2325832
816340
55140
2484130
2378900
617290
48000
1026680
597220
4011110
1632490
4149480
3456800
2294720
2881610
3089910
4179260
534331
3266090
1735700
2400510
1149440
1858650
1624540
1403620
2891020
610180
2799720
955900
2869860
2096610
3929760
1677740
690640
3505770
2792150
2383250
3242950
3208560
2870710
2617700
859580
3717330
779340
4165520
1238810
6850
1135280
3263320
1575810
3255380
115320
1146960
1030840
2658450
1562420
6020
3130750
4379500
214510
1076080
1590910
2708450
1335830
620610
789100
544730
4196340
979110
1433340
2981220
3372980
362890
2600
3484750
2313700
208580
1552810
677120
1786790
22300
1881200
1304680
2272540
3924170
3531260
2891710
1473350
802890
1492680
520440
715191
4317300
2124750
21000
2223840
2904660
719890
1858950
3915680
2123890
3793540
1158100
403640
802880
4244000
4129920
4333270
2475260
411890
2719160
2405060
2644890
1931730
4028400
3155290
451340
3132860
2616140
17440
1227690
1090200
4078870
491540
3368620
1680880
4103450
744900
1119980
628670
246420
282800
1017900
200510
2534090
1160220
761830
3580580
916840
2281730
2828160
3509140
3170570
1456180
2058190
2638630
1235747
1020790
4348650
2296380
1238040
47700
2218970
2695570
3642440
2419810
362620
